/*--------------------------------*- C++ -*----------------------------------*\
  =========                 |
  \\      /  F ield         | OpenFOAM: The Open Source CFD Toolbox
   \\    /   O peration     | Website:  https://openfoam.org
    \\  /    A nd           | Version:  7
     \\/     M anipulation  |
\*---------------------------------------------------------------------------*/
FoamFile
{
    version     2.0;
    format      ascii;
    class       faceList;
    location    "constant/polyMesh";
    object      faces;
}
// * * * * * * * * * * * * * * * * * * * * * * * * * * * * * * * * * * * * * //


1692
(
4(662 308 27 425)
4(305 662 425 17)
4(305 14 308 662)
4(663 309 28 426)
4(662 663 426 425)
4(662 308 309 663)
4(664 310 29 427)
4(663 664 427 426)
4(663 309 310 664)
4(665 311 30 428)
4(664 665 428 427)
4(664 310 311 665)
4(666 312 31 429)
4(665 666 429 428)
4(665 311 312 666)
4(667 313 32 430)
4(666 667 430 429)
4(666 312 313 667)
4(668 314 33 431)
4(667 668 431 430)
4(667 313 314 668)
4(669 315 34 432)
4(668 669 432 431)
4(668 314 315 669)
4(670 316 35 433)
4(669 670 433 432)
4(669 315 316 670)
4(671 317 36 434)
4(670 671 434 433)
4(670 316 317 671)
4(672 318 37 435)
4(671 672 435 434)
4(671 317 318 672)
4(673 319 38 436)
4(672 673 436 435)
4(672 318 319 673)
4(674 320 39 437)
4(673 674 437 436)
4(673 319 320 674)
4(675 321 40 438)
4(674 675 438 437)
4(674 320 321 675)
4(676 322 41 439)
4(675 676 439 438)
4(675 321 322 676)
4(677 323 42 440)
4(676 677 440 439)
4(676 322 323 677)
4(678 324 43 441)
4(677 678 441 440)
4(677 323 324 678)
4(679 325 44 442)
4(678 679 442 441)
4(678 324 325 679)
4(680 326 45 443)
4(679 680 443 442)
4(679 325 326 680)
4(681 327 46 444)
4(680 681 444 443)
4(680 326 327 681)
4(682 328 47 445)
4(681 682 445 444)
4(681 327 328 682)
4(683 329 48 446)
4(682 683 446 445)
4(682 328 329 683)
4(684 330 49 447)
4(683 684 447 446)
4(683 329 330 684)
4(685 331 50 448)
4(684 685 448 447)
4(684 330 331 685)
4(686 332 51 449)
4(685 686 449 448)
4(685 331 332 686)
4(687 333 52 450)
4(686 687 450 449)
4(686 332 333 687)
4(688 334 53 451)
4(687 688 451 450)
4(687 333 334 688)
4(689 335 54 452)
4(688 689 452 451)
4(688 334 335 689)
4(690 336 55 453)
4(689 690 453 452)
4(689 335 336 690)
4(691 337 56 454)
4(690 691 454 453)
4(690 336 337 691)
4(692 338 57 455)
4(691 692 455 454)
4(691 337 338 692)
4(693 339 58 456)
4(692 693 456 455)
4(692 338 339 693)
4(694 340 59 457)
4(693 694 457 456)
4(693 339 340 694)
4(695 341 60 458)
4(694 695 458 457)
4(694 340 341 695)
4(696 342 61 459)
4(695 696 459 458)
4(695 341 342 696)
4(697 343 62 460)
4(696 697 460 459)
4(696 342 343 697)
4(698 344 63 461)
4(697 698 461 460)
4(697 343 344 698)
4(699 345 64 462)
4(698 699 462 461)
4(698 344 345 699)
4(700 346 65 463)
4(699 700 463 462)
4(699 345 346 700)
4(700 464 26 463)
4(700 346 23 464)
4(386 662 425 144)
4(16 305 662 386)
4(16 386 144 3)
4(387 663 426 145)
4(386 662 663 387)
4(386 387 145 144)
4(388 664 427 146)
4(387 663 664 388)
4(387 388 146 145)
4(389 665 428 147)
4(388 664 665 389)
4(388 389 147 146)
4(390 666 429 148)
4(389 665 666 390)
4(389 390 148 147)
4(391 667 430 149)
4(390 666 667 391)
4(390 391 149 148)
4(392 668 431 150)
4(391 667 668 392)
4(391 392 150 149)
4(393 669 432 151)
4(392 668 669 393)
4(392 393 151 150)
4(394 670 433 152)
4(393 669 670 394)
4(393 394 152 151)
4(395 671 434 153)
4(394 670 671 395)
4(394 395 153 152)
4(396 672 435 154)
4(395 671 672 396)
4(395 396 154 153)
4(397 673 436 155)
4(396 672 673 397)
4(396 397 155 154)
4(398 674 437 156)
4(397 673 674 398)
4(397 398 156 155)
4(399 675 438 157)
4(398 674 675 399)
4(398 399 157 156)
4(400 676 439 158)
4(399 675 676 400)
4(399 400 158 157)
4(401 677 440 159)
4(400 676 677 401)
4(400 401 159 158)
4(402 678 441 160)
4(401 677 678 402)
4(401 402 160 159)
4(403 679 442 161)
4(402 678 679 403)
4(402 403 161 160)
4(404 680 443 162)
4(403 679 680 404)
4(403 404 162 161)
4(405 681 444 163)
4(404 680 681 405)
4(404 405 163 162)
4(406 682 445 164)
4(405 681 682 406)
4(405 406 164 163)
4(407 683 446 165)
4(406 682 683 407)
4(406 407 165 164)
4(408 684 447 166)
4(407 683 684 408)
4(407 408 166 165)
4(409 685 448 167)
4(408 684 685 409)
4(408 409 167 166)
4(410 686 449 168)
4(409 685 686 410)
4(409 410 168 167)
4(411 687 450 169)
4(410 686 687 411)
4(410 411 169 168)
4(412 688 451 170)
4(411 687 688 412)
4(411 412 170 169)
4(413 689 452 171)
4(412 688 689 413)
4(412 413 171 170)
4(414 690 453 172)
4(413 689 690 414)
4(413 414 172 171)
4(415 691 454 173)
4(414 690 691 415)
4(414 415 173 172)
4(416 692 455 174)
4(415 691 692 416)
4(415 416 174 173)
4(417 693 456 175)
4(416 692 693 417)
4(416 417 175 174)
4(418 694 457 176)
4(417 693 694 418)
4(417 418 176 175)
4(419 695 458 177)
4(418 694 695 419)
4(418 419 177 176)
4(420 696 459 178)
4(419 695 696 420)
4(419 420 178 177)
4(421 697 460 179)
4(420 696 697 421)
4(420 421 179 178)
4(422 698 461 180)
4(421 697 698 422)
4(421 422 180 179)
4(423 699 462 181)
4(422 698 699 423)
4(422 423 181 180)
4(424 700 463 182)
4(423 699 700 424)
4(423 424 182 181)
4(424 700 464 25)
4(424 25 10 182)
4(347 66 308 662)
4(15 347 662 305)
4(15 1 66 347)
4(348 67 309 663)
4(347 348 663 662)
4(347 66 67 348)
4(349 68 310 664)
4(348 349 664 663)
4(348 67 68 349)
4(350 69 311 665)
4(349 350 665 664)
4(349 68 69 350)
4(351 70 312 666)
4(350 351 666 665)
4(350 69 70 351)
4(352 71 313 667)
4(351 352 667 666)
4(351 70 71 352)
4(353 72 314 668)
4(352 353 668 667)
4(352 71 72 353)
4(354 73 315 669)
4(353 354 669 668)
4(353 72 73 354)
4(355 74 316 670)
4(354 355 670 669)
4(354 73 74 355)
4(356 75 317 671)
4(355 356 671 670)
4(355 74 75 356)
4(357 76 318 672)
4(356 357 672 671)
4(356 75 76 357)
4(358 77 319 673)
4(357 358 673 672)
4(357 76 77 358)
4(359 78 320 674)
4(358 359 674 673)
4(358 77 78 359)
4(360 79 321 675)
4(359 360 675 674)
4(359 78 79 360)
4(361 80 322 676)
4(360 361 676 675)
4(360 79 80 361)
4(362 81 323 677)
4(361 362 677 676)
4(361 80 81 362)
4(363 82 324 678)
4(362 363 678 677)
4(362 81 82 363)
4(364 83 325 679)
4(363 364 679 678)
4(363 82 83 364)
4(365 84 326 680)
4(364 365 680 679)
4(364 83 84 365)
4(366 85 327 681)
4(365 366 681 680)
4(365 84 85 366)
4(367 86 328 682)
4(366 367 682 681)
4(366 85 86 367)
4(368 87 329 683)
4(367 368 683 682)
4(367 86 87 368)
4(369 88 330 684)
4(368 369 684 683)
4(368 87 88 369)
4(370 89 331 685)
4(369 370 685 684)
4(369 88 89 370)
4(371 90 332 686)
4(370 371 686 685)
4(370 89 90 371)
4(372 91 333 687)
4(371 372 687 686)
4(371 90 91 372)
4(373 92 334 688)
4(372 373 688 687)
4(372 91 92 373)
4(374 93 335 689)
4(373 374 689 688)
4(373 92 93 374)
4(375 94 336 690)
4(374 375 690 689)
4(374 93 94 375)
4(376 95 337 691)
4(375 376 691 690)
4(375 94 95 376)
4(377 96 338 692)
4(376 377 692 691)
4(376 95 96 377)
4(378 97 339 693)
4(377 378 693 692)
4(377 96 97 378)
4(379 98 340 694)
4(378 379 694 693)
4(378 97 98 379)
4(380 99 341 695)
4(379 380 695 694)
4(379 98 99 380)
4(381 100 342 696)
4(380 381 696 695)
4(380 99 100 381)
4(382 101 343 697)
4(381 382 697 696)
4(381 100 101 382)
4(383 102 344 698)
4(382 383 698 697)
4(382 101 102 383)
4(384 103 345 699)
4(383 384 699 698)
4(383 102 103 384)
4(385 104 346 700)
4(384 385 700 699)
4(384 103 104 385)
4(385 24 464 700)
4(385 104 8 24)
4(105 347 662 386)
4(2 15 347 105)
4(2 105 386 16)
4(106 348 663 387)
4(105 347 348 106)
4(105 106 387 386)
4(107 349 664 388)
4(106 348 349 107)
4(106 107 388 387)
4(108 350 665 389)
4(107 349 350 108)
4(107 108 389 388)
4(109 351 666 390)
4(108 350 351 109)
4(108 109 390 389)
4(110 352 667 391)
4(109 351 352 110)
4(109 110 391 390)
4(111 353 668 392)
4(110 352 353 111)
4(110 111 392 391)
4(112 354 669 393)
4(111 353 354 112)
4(111 112 393 392)
4(113 355 670 394)
4(112 354 355 113)
4(112 113 394 393)
4(114 356 671 395)
4(113 355 356 114)
4(113 114 395 394)
4(115 357 672 396)
4(114 356 357 115)
4(114 115 396 395)
4(116 358 673 397)
4(115 357 358 116)
4(115 116 397 396)
4(117 359 674 398)
4(116 358 359 117)
4(116 117 398 397)
4(118 360 675 399)
4(117 359 360 118)
4(117 118 399 398)
4(119 361 676 400)
4(118 360 361 119)
4(118 119 400 399)
4(120 362 677 401)
4(119 361 362 120)
4(119 120 401 400)
4(121 363 678 402)
4(120 362 363 121)
4(120 121 402 401)
4(122 364 679 403)
4(121 363 364 122)
4(121 122 403 402)
4(123 365 680 404)
4(122 364 365 123)
4(122 123 404 403)
4(124 366 681 405)
4(123 365 366 124)
4(123 124 405 404)
4(125 367 682 406)
4(124 366 367 125)
4(124 125 406 405)
4(126 368 683 407)
4(125 367 368 126)
4(125 126 407 406)
4(127 369 684 408)
4(126 368 369 127)
4(126 127 408 407)
4(128 370 685 409)
4(127 369 370 128)
4(127 128 409 408)
4(129 371 686 410)
4(128 370 371 129)
4(128 129 410 409)
4(130 372 687 411)
4(129 371 372 130)
4(129 130 411 410)
4(131 373 688 412)
4(130 372 373 131)
4(130 131 412 411)
4(132 374 689 413)
4(131 373 374 132)
4(131 132 413 412)
4(133 375 690 414)
4(132 374 375 133)
4(132 133 414 413)
4(134 376 691 415)
4(133 375 376 134)
4(133 134 415 414)
4(135 377 692 416)
4(134 376 377 135)
4(134 135 416 415)
4(136 378 693 417)
4(135 377 378 136)
4(135 136 417 416)
4(137 379 694 418)
4(136 378 379 137)
4(136 137 418 417)
4(138 380 695 419)
4(137 379 380 138)
4(137 138 419 418)
4(139 381 696 420)
4(138 380 381 139)
4(138 139 420 419)
4(140 382 697 421)
4(139 381 382 140)
4(139 140 421 420)
4(141 383 698 422)
4(140 382 383 141)
4(140 141 422 421)
4(142 384 699 423)
4(141 383 384 142)
4(141 142 423 422)
4(143 385 700 424)
4(142 384 385 143)
4(142 143 424 423)
4(143 385 24 9)
4(143 9 25 424)
4(701 465 66 347)
4(306 701 347 15)
4(306 18 465 701)
4(702 466 67 348)
4(701 702 348 347)
4(701 465 466 702)
4(703 467 68 349)
4(702 703 349 348)
4(702 466 467 703)
4(704 468 69 350)
4(703 704 350 349)
4(703 467 468 704)
4(705 469 70 351)
4(704 705 351 350)
4(704 468 469 705)
4(706 470 71 352)
4(705 706 352 351)
4(705 469 470 706)
4(707 471 72 353)
4(706 707 353 352)
4(706 470 471 707)
4(708 472 73 354)
4(707 708 354 353)
4(707 471 472 708)
4(709 473 74 355)
4(708 709 355 354)
4(708 472 473 709)
4(710 474 75 356)
4(709 710 356 355)
4(709 473 474 710)
4(711 475 76 357)
4(710 711 357 356)
4(710 474 475 711)
4(712 476 77 358)
4(711 712 358 357)
4(711 475 476 712)
4(713 477 78 359)
4(712 713 359 358)
4(712 476 477 713)
4(714 478 79 360)
4(713 714 360 359)
4(713 477 478 714)
4(715 479 80 361)
4(714 715 361 360)
4(714 478 479 715)
4(716 480 81 362)
4(715 716 362 361)
4(715 479 480 716)
4(717 481 82 363)
4(716 717 363 362)
4(716 480 481 717)
4(718 482 83 364)
4(717 718 364 363)
4(717 481 482 718)
4(719 483 84 365)
4(718 719 365 364)
4(718 482 483 719)
4(720 484 85 366)
4(719 720 366 365)
4(719 483 484 720)
4(721 485 86 367)
4(720 721 367 366)
4(720 484 485 721)
4(722 486 87 368)
4(721 722 368 367)
4(721 485 486 722)
4(723 487 88 369)
4(722 723 369 368)
4(722 486 487 723)
4(724 488 89 370)
4(723 724 370 369)
4(723 487 488 724)
4(725 489 90 371)
4(724 725 371 370)
4(724 488 489 725)
4(726 490 91 372)
4(725 726 372 371)
4(725 489 490 726)
4(727 491 92 373)
4(726 727 373 372)
4(726 490 491 727)
4(728 492 93 374)
4(727 728 374 373)
4(727 491 492 728)
4(729 493 94 375)
4(728 729 375 374)
4(728 492 493 729)
4(730 494 95 376)
4(729 730 376 375)
4(729 493 494 730)
4(731 495 96 377)
4(730 731 377 376)
4(730 494 495 731)
4(732 496 97 378)
4(731 732 378 377)
4(731 495 496 732)
4(733 497 98 379)
4(732 733 379 378)
4(732 496 497 733)
4(734 498 99 380)
4(733 734 380 379)
4(733 497 498 734)
4(735 499 100 381)
4(734 735 381 380)
4(734 498 499 735)
4(736 500 101 382)
4(735 736 382 381)
4(735 499 500 736)
4(737 501 102 383)
4(736 737 383 382)
4(736 500 501 737)
4(738 502 103 384)
4(737 738 384 383)
4(737 501 502 738)
4(739 503 104 385)
4(738 739 385 384)
4(738 502 503 739)
4(739 582 24 385)
4(739 503 183 582)
4(543 701 347 105)
4(20 306 701 543)
4(20 543 105 2)
4(544 702 348 106)
4(543 701 702 544)
4(543 544 106 105)
4(545 703 349 107)
4(544 702 703 545)
4(544 545 107 106)
4(546 704 350 108)
4(545 703 704 546)
4(545 546 108 107)
4(547 705 351 109)
4(546 704 705 547)
4(546 547 109 108)
4(548 706 352 110)
4(547 705 706 548)
4(547 548 110 109)
4(549 707 353 111)
4(548 706 707 549)
4(548 549 111 110)
4(550 708 354 112)
4(549 707 708 550)
4(549 550 112 111)
4(551 709 355 113)
4(550 708 709 551)
4(550 551 113 112)
4(552 710 356 114)
4(551 709 710 552)
4(551 552 114 113)
4(553 711 357 115)
4(552 710 711 553)
4(552 553 115 114)
4(554 712 358 116)
4(553 711 712 554)
4(553 554 116 115)
4(555 713 359 117)
4(554 712 713 555)
4(554 555 117 116)
4(556 714 360 118)
4(555 713 714 556)
4(555 556 118 117)
4(557 715 361 119)
4(556 714 715 557)
4(556 557 119 118)
4(558 716 362 120)
4(557 715 716 558)
4(557 558 120 119)
4(559 717 363 121)
4(558 716 717 559)
4(558 559 121 120)
4(560 718 364 122)
4(559 717 718 560)
4(559 560 122 121)
4(561 719 365 123)
4(560 718 719 561)
4(560 561 123 122)
4(562 720 366 124)
4(561 719 720 562)
4(561 562 124 123)
4(563 721 367 125)
4(562 720 721 563)
4(562 563 125 124)
4(564 722 368 126)
4(563 721 722 564)
4(563 564 126 125)
4(565 723 369 127)
4(564 722 723 565)
4(564 565 127 126)
4(566 724 370 128)
4(565 723 724 566)
4(565 566 128 127)
4(567 725 371 129)
4(566 724 725 567)
4(566 567 129 128)
4(568 726 372 130)
4(567 725 726 568)
4(567 568 130 129)
4(569 727 373 131)
4(568 726 727 569)
4(568 569 131 130)
4(570 728 374 132)
4(569 727 728 570)
4(569 570 132 131)
4(571 729 375 133)
4(570 728 729 571)
4(570 571 133 132)
4(572 730 376 134)
4(571 729 730 572)
4(571 572 134 133)
4(573 731 377 135)
4(572 730 731 573)
4(572 573 135 134)
4(574 732 378 136)
4(573 731 732 574)
4(573 574 136 135)
4(575 733 379 137)
4(574 732 733 575)
4(574 575 137 136)
4(576 734 380 138)
4(575 733 734 576)
4(575 576 138 137)
4(577 735 381 139)
4(576 734 735 577)
4(576 577 139 138)
4(578 736 382 140)
4(577 735 736 578)
4(577 578 140 139)
4(579 737 383 141)
4(578 736 737 579)
4(578 579 141 140)
4(580 738 384 142)
4(579 737 738 580)
4(579 580 142 141)
4(581 739 385 143)
4(580 738 739 581)
4(580 581 143 142)
4(581 739 582 185)
4(581 185 9 143)
4(504 186 465 701)
4(19 504 701 306)
4(505 187 466 702)
4(504 505 702 701)
4(506 188 467 703)
4(505 506 703 702)
4(507 189 468 704)
4(506 507 704 703)
4(508 190 469 705)
4(507 508 705 704)
4(509 191 470 706)
4(508 509 706 705)
4(510 192 471 707)
4(509 510 707 706)
4(511 193 472 708)
4(510 511 708 707)
4(512 194 473 709)
4(511 512 709 708)
4(513 195 474 710)
4(512 513 710 709)
4(514 196 475 711)
4(513 514 711 710)
4(515 197 476 712)
4(514 515 712 711)
4(516 198 477 713)
4(515 516 713 712)
4(517 199 478 714)
4(516 517 714 713)
4(518 200 479 715)
4(517 518 715 714)
4(519 201 480 716)
4(518 519 716 715)
4(520 202 481 717)
4(519 520 717 716)
4(521 203 482 718)
4(520 521 718 717)
4(522 204 483 719)
4(521 522 719 718)
4(523 205 484 720)
4(522 523 720 719)
4(524 206 485 721)
4(523 524 721 720)
4(525 207 486 722)
4(524 525 722 721)
4(526 208 487 723)
4(525 526 723 722)
4(527 209 488 724)
4(526 527 724 723)
4(528 210 489 725)
4(527 528 725 724)
4(529 211 490 726)
4(528 529 726 725)
4(530 212 491 727)
4(529 530 727 726)
4(531 213 492 728)
4(530 531 728 727)
4(532 214 493 729)
4(531 532 729 728)
4(533 215 494 730)
4(532 533 730 729)
4(534 216 495 731)
4(533 534 731 730)
4(535 217 496 732)
4(534 535 732 731)
4(536 218 497 733)
4(535 536 733 732)
4(537 219 498 734)
4(536 537 734 733)
4(538 220 499 735)
4(537 538 735 734)
4(539 221 500 736)
4(538 539 736 735)
4(540 222 501 737)
4(539 540 737 736)
4(541 223 502 738)
4(540 541 738 737)
4(542 224 503 739)
4(541 542 739 738)
4(542 184 582 739)
4(225 504 701 543)
4(5 225 543 20)
4(226 505 702 544)
4(225 226 544 543)
4(227 506 703 545)
4(226 227 545 544)
4(228 507 704 546)
4(227 228 546 545)
4(229 508 705 547)
4(228 229 547 546)
4(230 509 706 548)
4(229 230 548 547)
4(231 510 707 549)
4(230 231 549 548)
4(232 511 708 550)
4(231 232 550 549)
4(233 512 709 551)
4(232 233 551 550)
4(234 513 710 552)
4(233 234 552 551)
4(235 514 711 553)
4(234 235 553 552)
4(236 515 712 554)
4(235 236 554 553)
4(237 516 713 555)
4(236 237 555 554)
4(238 517 714 556)
4(237 238 556 555)
4(239 518 715 557)
4(238 239 557 556)
4(240 519 716 558)
4(239 240 558 557)
4(241 520 717 559)
4(240 241 559 558)
4(242 521 718 560)
4(241 242 560 559)
4(243 522 719 561)
4(242 243 561 560)
4(244 523 720 562)
4(243 244 562 561)
4(245 524 721 563)
4(244 245 563 562)
4(246 525 722 564)
4(245 246 564 563)
4(247 526 723 565)
4(246 247 565 564)
4(248 527 724 566)
4(247 248 566 565)
4(249 528 725 567)
4(248 249 567 566)
4(250 529 726 568)
4(249 250 568 567)
4(251 530 727 569)
4(250 251 569 568)
4(252 531 728 570)
4(251 252 570 569)
4(253 532 729 571)
4(252 253 571 570)
4(254 533 730 572)
4(253 254 572 571)
4(255 534 731 573)
4(254 255 573 572)
4(256 535 732 574)
4(255 256 574 573)
4(257 536 733 575)
4(256 257 575 574)
4(258 537 734 576)
4(257 258 576 575)
4(259 538 735 577)
4(258 259 577 576)
4(260 539 736 578)
4(259 260 578 577)
4(261 540 737 579)
4(260 261 579 578)
4(262 541 738 580)
4(261 262 580 579)
4(263 542 739 581)
4(262 263 581 580)
4(263 12 185 581)
4(740 543 105 386)
4(307 740 386 16)
4(307 20 543 740)
4(741 544 106 387)
4(740 741 387 386)
4(740 543 544 741)
4(742 545 107 388)
4(741 742 388 387)
4(741 544 545 742)
4(743 546 108 389)
4(742 743 389 388)
4(742 545 546 743)
4(744 547 109 390)
4(743 744 390 389)
4(743 546 547 744)
4(745 548 110 391)
4(744 745 391 390)
4(744 547 548 745)
4(746 549 111 392)
4(745 746 392 391)
4(745 548 549 746)
4(747 550 112 393)
4(746 747 393 392)
4(746 549 550 747)
4(748 551 113 394)
4(747 748 394 393)
4(747 550 551 748)
4(749 552 114 395)
4(748 749 395 394)
4(748 551 552 749)
4(750 553 115 396)
4(749 750 396 395)
4(749 552 553 750)
4(751 554 116 397)
4(750 751 397 396)
4(750 553 554 751)
4(752 555 117 398)
4(751 752 398 397)
4(751 554 555 752)
4(753 556 118 399)
4(752 753 399 398)
4(752 555 556 753)
4(754 557 119 400)
4(753 754 400 399)
4(753 556 557 754)
4(755 558 120 401)
4(754 755 401 400)
4(754 557 558 755)
4(756 559 121 402)
4(755 756 402 401)
4(755 558 559 756)
4(757 560 122 403)
4(756 757 403 402)
4(756 559 560 757)
4(758 561 123 404)
4(757 758 404 403)
4(757 560 561 758)
4(759 562 124 405)
4(758 759 405 404)
4(758 561 562 759)
4(760 563 125 406)
4(759 760 406 405)
4(759 562 563 760)
4(761 564 126 407)
4(760 761 407 406)
4(760 563 564 761)
4(762 565 127 408)
4(761 762 408 407)
4(761 564 565 762)
4(763 566 128 409)
4(762 763 409 408)
4(762 565 566 763)
4(764 567 129 410)
4(763 764 410 409)
4(763 566 567 764)
4(765 568 130 411)
4(764 765 411 410)
4(764 567 568 765)
4(766 569 131 412)
4(765 766 412 411)
4(765 568 569 766)
4(767 570 132 413)
4(766 767 413 412)
4(766 569 570 767)
4(768 571 133 414)
4(767 768 414 413)
4(767 570 571 768)
4(769 572 134 415)
4(768 769 415 414)
4(768 571 572 769)
4(770 573 135 416)
4(769 770 416 415)
4(769 572 573 770)
4(771 574 136 417)
4(770 771 417 416)
4(770 573 574 771)
4(772 575 137 418)
4(771 772 418 417)
4(771 574 575 772)
4(773 576 138 419)
4(772 773 419 418)
4(772 575 576 773)
4(774 577 139 420)
4(773 774 420 419)
4(773 576 577 774)
4(775 578 140 421)
4(774 775 421 420)
4(774 577 578 775)
4(776 579 141 422)
4(775 776 422 421)
4(775 578 579 776)
4(777 580 142 423)
4(776 777 423 422)
4(776 579 580 777)
4(778 581 143 424)
4(777 778 424 423)
4(777 580 581 778)
4(778 661 25 424)
4(778 581 185 661)
4(622 740 386 144)
4(22 307 740 622)
4(623 741 387 145)
4(622 740 741 623)
4(624 742 388 146)
4(623 741 742 624)
4(625 743 389 147)
4(624 742 743 625)
4(626 744 390 148)
4(625 743 744 626)
4(627 745 391 149)
4(626 744 745 627)
4(628 746 392 150)
4(627 745 746 628)
4(629 747 393 151)
4(628 746 747 629)
4(630 748 394 152)
4(629 747 748 630)
4(631 749 395 153)
4(630 748 749 631)
4(632 750 396 154)
4(631 749 750 632)
4(633 751 397 155)
4(632 750 751 633)
4(634 752 398 156)
4(633 751 752 634)
4(635 753 399 157)
4(634 752 753 635)
4(636 754 400 158)
4(635 753 754 636)
4(637 755 401 159)
4(636 754 755 637)
4(638 756 402 160)
4(637 755 756 638)
4(639 757 403 161)
4(638 756 757 639)
4(640 758 404 162)
4(639 757 758 640)
4(641 759 405 163)
4(640 758 759 641)
4(642 760 406 164)
4(641 759 760 642)
4(643 761 407 165)
4(642 760 761 643)
4(644 762 408 166)
4(643 761 762 644)
4(645 763 409 167)
4(644 762 763 645)
4(646 764 410 168)
4(645 763 764 646)
4(647 765 411 169)
4(646 764 765 647)
4(648 766 412 170)
4(647 765 766 648)
4(649 767 413 171)
4(648 766 767 649)
4(650 768 414 172)
4(649 767 768 650)
4(651 769 415 173)
4(650 768 769 651)
4(652 770 416 174)
4(651 769 770 652)
4(653 771 417 175)
4(652 770 771 653)
4(654 772 418 176)
4(653 771 772 654)
4(655 773 419 177)
4(654 772 773 655)
4(656 774 420 178)
4(655 773 774 656)
4(657 775 421 179)
4(656 774 775 657)
4(658 776 422 180)
4(657 775 776 658)
4(659 777 423 181)
4(658 776 777 659)
4(660 778 424 182)
4(659 777 778 660)
4(660 778 661 265)
4(583 225 543 740)
4(21 583 740 307)
4(584 226 544 741)
4(583 584 741 740)
4(585 227 545 742)
4(584 585 742 741)
4(586 228 546 743)
4(585 586 743 742)
4(587 229 547 744)
4(586 587 744 743)
4(588 230 548 745)
4(587 588 745 744)
4(589 231 549 746)
4(588 589 746 745)
4(590 232 550 747)
4(589 590 747 746)
4(591 233 551 748)
4(590 591 748 747)
4(592 234 552 749)
4(591 592 749 748)
4(593 235 553 750)
4(592 593 750 749)
4(594 236 554 751)
4(593 594 751 750)
4(595 237 555 752)
4(594 595 752 751)
4(596 238 556 753)
4(595 596 753 752)
4(597 239 557 754)
4(596 597 754 753)
4(598 240 558 755)
4(597 598 755 754)
4(599 241 559 756)
4(598 599 756 755)
4(600 242 560 757)
4(599 600 757 756)
4(601 243 561 758)
4(600 601 758 757)
4(602 244 562 759)
4(601 602 759 758)
4(603 245 563 760)
4(602 603 760 759)
4(604 246 564 761)
4(603 604 761 760)
4(605 247 565 762)
4(604 605 762 761)
4(606 248 566 763)
4(605 606 763 762)
4(607 249 567 764)
4(606 607 764 763)
4(608 250 568 765)
4(607 608 765 764)
4(609 251 569 766)
4(608 609 766 765)
4(610 252 570 767)
4(609 610 767 766)
4(611 253 571 768)
4(610 611 768 767)
4(612 254 572 769)
4(611 612 769 768)
4(613 255 573 770)
4(612 613 770 769)
4(614 256 574 771)
4(613 614 771 770)
4(615 257 575 772)
4(614 615 772 771)
4(616 258 576 773)
4(615 616 773 772)
4(617 259 577 774)
4(616 617 774 773)
4(618 260 578 775)
4(617 618 775 774)
4(619 261 579 776)
4(618 619 776 775)
4(620 262 580 777)
4(619 620 777 776)
4(621 263 581 778)
4(620 621 778 777)
4(621 264 661 778)
4(266 583 740 622)
4(267 584 741 623)
4(268 585 742 624)
4(269 586 743 625)
4(270 587 744 626)
4(271 588 745 627)
4(272 589 746 628)
4(273 590 747 629)
4(274 591 748 630)
4(275 592 749 631)
4(276 593 750 632)
4(277 594 751 633)
4(278 595 752 634)
4(279 596 753 635)
4(280 597 754 636)
4(281 598 755 637)
4(282 599 756 638)
4(283 600 757 639)
4(284 601 758 640)
4(285 602 759 641)
4(286 603 760 642)
4(287 604 761 643)
4(288 605 762 644)
4(289 606 763 645)
4(290 607 764 646)
4(291 608 765 647)
4(292 609 766 648)
4(293 610 767 649)
4(294 611 768 650)
4(295 612 769 651)
4(296 613 770 652)
4(297 614 771 653)
4(298 615 772 654)
4(299 616 773 655)
4(300 617 774 656)
4(301 618 775 657)
4(302 619 776 658)
4(303 620 777 659)
4(304 621 778 660)
4(305 17 0 14)
4(16 3 17 305)
4(15 305 14 1)
4(2 16 305 15)
4(306 15 1 18)
4(20 2 15 306)
4(19 306 18 4)
4(5 20 306 19)
4(307 16 2 20)
4(22 3 16 307)
4(21 307 20 5)
4(6 22 307 21)
4(14 0 27 308)
4(308 27 28 309)
4(309 28 29 310)
4(310 29 30 311)
4(311 30 31 312)
4(312 31 32 313)
4(313 32 33 314)
4(314 33 34 315)
4(315 34 35 316)
4(316 35 36 317)
4(317 36 37 318)
4(318 37 38 319)
4(319 38 39 320)
4(320 39 40 321)
4(321 40 41 322)
4(322 41 42 323)
4(323 42 43 324)
4(324 43 44 325)
4(325 44 45 326)
4(326 45 46 327)
4(327 46 47 328)
4(328 47 48 329)
4(329 48 49 330)
4(330 49 50 331)
4(331 50 51 332)
4(332 51 52 333)
4(333 52 53 334)
4(334 53 54 335)
4(335 54 55 336)
4(336 55 56 337)
4(337 56 57 338)
4(338 57 58 339)
4(339 58 59 340)
4(340 59 60 341)
4(341 60 61 342)
4(342 61 62 343)
4(343 62 63 344)
4(344 63 64 345)
4(345 64 65 346)
4(346 65 7 23)
4(1 14 308 66)
4(66 308 309 67)
4(67 309 310 68)
4(68 310 311 69)
4(69 311 312 70)
4(70 312 313 71)
4(71 313 314 72)
4(72 314 315 73)
4(73 315 316 74)
4(74 316 317 75)
4(75 317 318 76)
4(76 318 319 77)
4(77 319 320 78)
4(78 320 321 79)
4(79 321 322 80)
4(80 322 323 81)
4(81 323 324 82)
4(82 324 325 83)
4(83 325 326 84)
4(84 326 327 85)
4(85 327 328 86)
4(86 328 329 87)
4(87 329 330 88)
4(88 330 331 89)
4(89 331 332 90)
4(90 332 333 91)
4(91 333 334 92)
4(92 334 335 93)
4(93 335 336 94)
4(94 336 337 95)
4(95 337 338 96)
4(96 338 339 97)
4(97 339 340 98)
4(98 340 341 99)
4(99 341 342 100)
4(100 342 343 101)
4(101 343 344 102)
4(102 344 345 103)
4(103 345 346 104)
4(104 346 23 8)
4(18 1 66 465)
4(465 66 67 466)
4(466 67 68 467)
4(467 68 69 468)
4(468 69 70 469)
4(469 70 71 470)
4(470 71 72 471)
4(471 72 73 472)
4(472 73 74 473)
4(473 74 75 474)
4(474 75 76 475)
4(475 76 77 476)
4(476 77 78 477)
4(477 78 79 478)
4(478 79 80 479)
4(479 80 81 480)
4(480 81 82 481)
4(481 82 83 482)
4(482 83 84 483)
4(483 84 85 484)
4(484 85 86 485)
4(485 86 87 486)
4(486 87 88 487)
4(487 88 89 488)
4(488 89 90 489)
4(489 90 91 490)
4(490 91 92 491)
4(491 92 93 492)
4(492 93 94 493)
4(493 94 95 494)
4(494 95 96 495)
4(495 96 97 496)
4(496 97 98 497)
4(497 98 99 498)
4(498 99 100 499)
4(499 100 101 500)
4(500 101 102 501)
4(501 102 103 502)
4(502 103 104 503)
4(503 104 8 183)
4(4 18 465 186)
4(186 465 466 187)
4(187 466 467 188)
4(188 467 468 189)
4(189 468 469 190)
4(190 469 470 191)
4(191 470 471 192)
4(192 471 472 193)
4(193 472 473 194)
4(194 473 474 195)
4(195 474 475 196)
4(196 475 476 197)
4(197 476 477 198)
4(198 477 478 199)
4(199 478 479 200)
4(200 479 480 201)
4(201 480 481 202)
4(202 481 482 203)
4(203 482 483 204)
4(204 483 484 205)
4(205 484 485 206)
4(206 485 486 207)
4(207 486 487 208)
4(208 487 488 209)
4(209 488 489 210)
4(210 489 490 211)
4(211 490 491 212)
4(212 491 492 213)
4(213 492 493 214)
4(214 493 494 215)
4(215 494 495 216)
4(216 495 496 217)
4(217 496 497 218)
4(218 497 498 219)
4(219 498 499 220)
4(220 499 500 221)
4(221 500 501 222)
4(222 501 502 223)
4(223 502 503 224)
4(224 503 183 11)
4(17 425 27 0)
4(425 426 28 27)
4(426 427 29 28)
4(427 428 30 29)
4(428 429 31 30)
4(429 430 32 31)
4(430 431 33 32)
4(431 432 34 33)
4(432 433 35 34)
4(433 434 36 35)
4(434 435 37 36)
4(435 436 38 37)
4(436 437 39 38)
4(437 438 40 39)
4(438 439 41 40)
4(439 440 42 41)
4(440 441 43 42)
4(441 442 44 43)
4(442 443 45 44)
4(443 444 46 45)
4(444 445 47 46)
4(445 446 48 47)
4(446 447 49 48)
4(447 448 50 49)
4(448 449 51 50)
4(449 450 52 51)
4(450 451 53 52)
4(451 452 54 53)
4(452 453 55 54)
4(453 454 56 55)
4(454 455 57 56)
4(455 456 58 57)
4(456 457 59 58)
4(457 458 60 59)
4(458 459 61 60)
4(459 460 62 61)
4(460 461 63 62)
4(461 462 64 63)
4(462 463 65 64)
4(463 26 7 65)
4(3 144 425 17)
4(144 145 426 425)
4(145 146 427 426)
4(146 147 428 427)
4(147 148 429 428)
4(148 149 430 429)
4(149 150 431 430)
4(150 151 432 431)
4(151 152 433 432)
4(152 153 434 433)
4(153 154 435 434)
4(154 155 436 435)
4(155 156 437 436)
4(156 157 438 437)
4(157 158 439 438)
4(158 159 440 439)
4(159 160 441 440)
4(160 161 442 441)
4(161 162 443 442)
4(162 163 444 443)
4(163 164 445 444)
4(164 165 446 445)
4(165 166 447 446)
4(166 167 448 447)
4(167 168 449 448)
4(168 169 450 449)
4(169 170 451 450)
4(170 171 452 451)
4(171 172 453 452)
4(172 173 454 453)
4(173 174 455 454)
4(174 175 456 455)
4(175 176 457 456)
4(176 177 458 457)
4(177 178 459 458)
4(178 179 460 459)
4(179 180 461 460)
4(180 181 462 461)
4(181 182 463 462)
4(182 10 26 463)
4(22 622 144 3)
4(622 623 145 144)
4(623 624 146 145)
4(624 625 147 146)
4(625 626 148 147)
4(626 627 149 148)
4(627 628 150 149)
4(628 629 151 150)
4(629 630 152 151)
4(630 631 153 152)
4(631 632 154 153)
4(632 633 155 154)
4(633 634 156 155)
4(634 635 157 156)
4(635 636 158 157)
4(636 637 159 158)
4(637 638 160 159)
4(638 639 161 160)
4(639 640 162 161)
4(640 641 163 162)
4(641 642 164 163)
4(642 643 165 164)
4(643 644 166 165)
4(644 645 167 166)
4(645 646 168 167)
4(646 647 169 168)
4(647 648 170 169)
4(648 649 171 170)
4(649 650 172 171)
4(650 651 173 172)
4(651 652 174 173)
4(652 653 175 174)
4(653 654 176 175)
4(654 655 177 176)
4(655 656 178 177)
4(656 657 179 178)
4(657 658 180 179)
4(658 659 181 180)
4(659 660 182 181)
4(660 265 10 182)
4(6 266 622 22)
4(266 267 623 622)
4(267 268 624 623)
4(268 269 625 624)
4(269 270 626 625)
4(270 271 627 626)
4(271 272 628 627)
4(272 273 629 628)
4(273 274 630 629)
4(274 275 631 630)
4(275 276 632 631)
4(276 277 633 632)
4(277 278 634 633)
4(278 279 635 634)
4(279 280 636 635)
4(280 281 637 636)
4(281 282 638 637)
4(282 283 639 638)
4(283 284 640 639)
4(284 285 641 640)
4(285 286 642 641)
4(286 287 643 642)
4(287 288 644 643)
4(288 289 645 644)
4(289 290 646 645)
4(290 291 647 646)
4(291 292 648 647)
4(292 293 649 648)
4(293 294 650 649)
4(294 295 651 650)
4(295 296 652 651)
4(296 297 653 652)
4(297 298 654 653)
4(298 299 655 654)
4(299 300 656 655)
4(300 301 657 656)
4(301 302 658 657)
4(302 303 659 658)
4(303 304 660 659)
4(304 13 265 660)
4(464 23 7 26)
4(25 464 26 10)
4(24 8 23 464)
4(9 24 464 25)
4(582 183 8 24)
4(185 582 24 9)
4(19 4 186 504)
4(504 186 187 505)
4(505 187 188 506)
4(506 188 189 507)
4(507 189 190 508)
4(508 190 191 509)
4(509 191 192 510)
4(510 192 193 511)
4(511 193 194 512)
4(512 194 195 513)
4(513 195 196 514)
4(514 196 197 515)
4(515 197 198 516)
4(516 198 199 517)
4(517 199 200 518)
4(518 200 201 519)
4(519 201 202 520)
4(520 202 203 521)
4(521 203 204 522)
4(522 204 205 523)
4(523 205 206 524)
4(524 206 207 525)
4(525 207 208 526)
4(526 208 209 527)
4(527 209 210 528)
4(528 210 211 529)
4(529 211 212 530)
4(530 212 213 531)
4(531 213 214 532)
4(532 214 215 533)
4(533 215 216 534)
4(534 216 217 535)
4(535 217 218 536)
4(536 218 219 537)
4(537 219 220 538)
4(538 220 221 539)
4(539 221 222 540)
4(540 222 223 541)
4(541 223 224 542)
4(542 224 11 184)
4(184 11 183 582)
4(5 19 504 225)
4(225 504 505 226)
4(226 505 506 227)
4(227 506 507 228)
4(228 507 508 229)
4(229 508 509 230)
4(230 509 510 231)
4(231 510 511 232)
4(232 511 512 233)
4(233 512 513 234)
4(234 513 514 235)
4(235 514 515 236)
4(236 515 516 237)
4(237 516 517 238)
4(238 517 518 239)
4(239 518 519 240)
4(240 519 520 241)
4(241 520 521 242)
4(242 521 522 243)
4(243 522 523 244)
4(244 523 524 245)
4(245 524 525 246)
4(246 525 526 247)
4(247 526 527 248)
4(248 527 528 249)
4(249 528 529 250)
4(250 529 530 251)
4(251 530 531 252)
4(252 531 532 253)
4(253 532 533 254)
4(254 533 534 255)
4(255 534 535 256)
4(256 535 536 257)
4(257 536 537 258)
4(258 537 538 259)
4(259 538 539 260)
4(260 539 540 261)
4(261 540 541 262)
4(262 541 542 263)
4(263 542 184 12)
4(12 184 582 185)
4(661 185 9 25)
4(265 661 25 10)
4(21 5 225 583)
4(583 225 226 584)
4(584 226 227 585)
4(585 227 228 586)
4(586 228 229 587)
4(587 229 230 588)
4(588 230 231 589)
4(589 231 232 590)
4(590 232 233 591)
4(591 233 234 592)
4(592 234 235 593)
4(593 235 236 594)
4(594 236 237 595)
4(595 237 238 596)
4(596 238 239 597)
4(597 239 240 598)
4(598 240 241 599)
4(599 241 242 600)
4(600 242 243 601)
4(601 243 244 602)
4(602 244 245 603)
4(603 245 246 604)
4(604 246 247 605)
4(605 247 248 606)
4(606 248 249 607)
4(607 249 250 608)
4(608 250 251 609)
4(609 251 252 610)
4(610 252 253 611)
4(611 253 254 612)
4(612 254 255 613)
4(613 255 256 614)
4(614 256 257 615)
4(615 257 258 616)
4(616 258 259 617)
4(617 259 260 618)
4(618 260 261 619)
4(619 261 262 620)
4(620 262 263 621)
4(621 263 12 264)
4(264 12 185 661)
4(6 21 583 266)
4(266 583 584 267)
4(267 584 585 268)
4(268 585 586 269)
4(269 586 587 270)
4(270 587 588 271)
4(271 588 589 272)
4(272 589 590 273)
4(273 590 591 274)
4(274 591 592 275)
4(275 592 593 276)
4(276 593 594 277)
4(277 594 595 278)
4(278 595 596 279)
4(279 596 597 280)
4(280 597 598 281)
4(281 598 599 282)
4(282 599 600 283)
4(283 600 601 284)
4(284 601 602 285)
4(285 602 603 286)
4(286 603 604 287)
4(287 604 605 288)
4(288 605 606 289)
4(289 606 607 290)
4(290 607 608 291)
4(291 608 609 292)
4(292 609 610 293)
4(293 610 611 294)
4(294 611 612 295)
4(295 612 613 296)
4(296 613 614 297)
4(297 614 615 298)
4(298 615 616 299)
4(299 616 617 300)
4(300 617 618 301)
4(301 618 619 302)
4(302 619 620 303)
4(303 620 621 304)
4(304 621 264 13)
4(13 264 661 265)
)


// ************************************************************************* //
