/*--------------------------------*- C++ -*----------------------------------*\
  =========                 |
  \\      /  F ield         | OpenFOAM: The Open Source CFD Toolbox
   \\    /   O peration     | Website:  https://openfoam.org
    \\  /    A nd           | Version:  7
     \\/     M anipulation  |
\*---------------------------------------------------------------------------*/
FoamFile
{
    version     2.0;
    format      ascii;
    class       labelList;
    note        "nPoints:779  nCells:480  nFaces:1692  nInternalFaces:1188";
    location    "constant/polyMesh";
    object      neighbour;
}
// * * * * * * * * * * * * * * * * * * * * * * * * * * * * * * * * * * * * * //


1188
(
1
40
80
2
41
81
3
42
82
4
43
83
5
44
84
6
45
85
7
46
86
8
47
87
9
48
88
10
49
89
11
50
90
12
51
91
13
52
92
14
53
93
15
54
94
16
55
95
17
56
96
18
57
97
19
58
98
20
59
99
21
60
100
22
61
101
23
62
102
24
63
103
25
64
104
26
65
105
27
66
106
28
67
107
29
68
108
30
69
109
31
70
110
32
71
111
33
72
112
34
73
113
35
74
114
36
75
115
37
76
116
38
77
117
39
78
118
79
119
41
120
360
42
121
361
43
122
362
44
123
363
45
124
364
46
125
365
47
126
366
48
127
367
49
128
368
50
129
369
51
130
370
52
131
371
53
132
372
54
133
373
55
134
374
56
135
375
57
136
376
58
137
377
59
138
378
60
139
379
61
140
380
62
141
381
63
142
382
64
143
383
65
144
384
66
145
385
67
146
386
68
147
387
69
148
388
70
149
389
71
150
390
72
151
391
73
152
392
74
153
393
75
154
394
76
155
395
77
156
396
78
157
397
79
158
398
159
399
81
120
160
82
121
161
83
122
162
84
123
163
85
124
164
86
125
165
87
126
166
88
127
167
89
128
168
90
129
169
91
130
170
92
131
171
93
132
172
94
133
173
95
134
174
96
135
175
97
136
176
98
137
177
99
138
178
100
139
179
101
140
180
102
141
181
103
142
182
104
143
183
105
144
184
106
145
185
107
146
186
108
147
187
109
148
188
110
149
189
111
150
190
112
151
191
113
152
192
114
153
193
115
154
194
116
155
195
117
156
196
118
157
197
119
158
198
159
199
121
200
320
122
201
321
123
202
322
124
203
323
125
204
324
126
205
325
127
206
326
128
207
327
129
208
328
130
209
329
131
210
330
132
211
331
133
212
332
134
213
333
135
214
334
136
215
335
137
216
336
138
217
337
139
218
338
140
219
339
141
220
340
142
221
341
143
222
342
144
223
343
145
224
344
146
225
345
147
226
346
148
227
347
149
228
348
150
229
349
151
230
350
152
231
351
153
232
352
154
233
353
155
234
354
156
235
355
157
236
356
158
237
357
159
238
358
239
359
161
200
240
162
201
241
163
202
242
164
203
243
165
204
244
166
205
245
167
206
246
168
207
247
169
208
248
170
209
249
171
210
250
172
211
251
173
212
252
174
213
253
175
214
254
176
215
255
177
216
256
178
217
257
179
218
258
180
219
259
181
220
260
182
221
261
183
222
262
184
223
263
185
224
264
186
225
265
187
226
266
188
227
267
189
228
268
190
229
269
191
230
270
192
231
271
193
232
272
194
233
273
195
234
274
196
235
275
197
236
276
198
237
277
199
238
278
239
279
201
280
320
202
281
321
203
282
322
204
283
323
205
284
324
206
285
325
207
286
326
208
287
327
209
288
328
210
289
329
211
290
330
212
291
331
213
292
332
214
293
333
215
294
334
216
295
335
217
296
336
218
297
337
219
298
338
220
299
339
221
300
340
222
301
341
223
302
342
224
303
343
225
304
344
226
305
345
227
306
346
228
307
347
229
308
348
230
309
349
231
310
350
232
311
351
233
312
352
234
313
353
235
314
354
236
315
355
237
316
356
238
317
357
239
318
358
319
359
241
280
242
281
243
282
244
283
245
284
246
285
247
286
248
287
249
288
250
289
251
290
252
291
253
292
254
293
255
294
256
295
257
296
258
297
259
298
260
299
261
300
262
301
263
302
264
303
265
304
266
305
267
306
268
307
269
308
270
309
271
310
272
311
273
312
274
313
275
314
276
315
277
316
278
317
279
318
319
281
400
282
401
283
402
284
403
285
404
286
405
287
406
288
407
289
408
290
409
291
410
292
411
293
412
294
413
295
414
296
415
297
416
298
417
299
418
300
419
301
420
302
421
303
422
304
423
305
424
306
425
307
426
308
427
309
428
310
429
311
430
312
431
313
432
314
433
315
434
316
435
317
436
318
437
319
438
439
321
360
400
322
361
401
323
362
402
324
363
403
325
364
404
326
365
405
327
366
406
328
367
407
329
368
408
330
369
409
331
370
410
332
371
411
333
372
412
334
373
413
335
374
414
336
375
415
337
376
416
338
377
417
339
378
418
340
379
419
341
380
420
342
381
421
343
382
422
344
383
423
345
384
424
346
385
425
347
386
426
348
387
427
349
388
428
350
389
429
351
390
430
352
391
431
353
392
432
354
393
433
355
394
434
356
395
435
357
396
436
358
397
437
359
398
438
399
439
361
440
362
441
363
442
364
443
365
444
366
445
367
446
368
447
369
448
370
449
371
450
372
451
373
452
374
453
375
454
376
455
377
456
378
457
379
458
380
459
381
460
382
461
383
462
384
463
385
464
386
465
387
466
388
467
389
468
390
469
391
470
392
471
393
472
394
473
395
474
396
475
397
476
398
477
399
478
479
401
440
402
441
403
442
404
443
405
444
406
445
407
446
408
447
409
448
410
449
411
450
412
451
413
452
414
453
415
454
416
455
417
456
418
457
419
458
420
459
421
460
422
461
423
462
424
463
425
464
426
465
427
466
428
467
429
468
430
469
431
470
432
471
433
472
434
473
435
474
436
475
437
476
438
477
439
478
479
441
442
443
444
445
446
447
448
449
450
451
452
453
454
455
456
457
458
459
460
461
462
463
464
465
466
467
468
469
470
471
472
473
474
475
476
477
478
479
)


// ************************************************************************* //
