/*--------------------------------*- C++ -*----------------------------------*\
  =========                 |
  \\      /  F ield         | OpenFOAM: The Open Source CFD Toolbox
   \\    /   O peration     | Website:  https://openfoam.org
    \\  /    A nd           | Version:  7
     \\/     M anipulation  |
\*---------------------------------------------------------------------------*/
FoamFile
{
    version     2.0;
    format      ascii;
    class       vectorField;
    location    "constant/polyMesh";
    object      points;
}
// * * * * * * * * * * * * * * * * * * * * * * * * * * * * * * * * * * * * * //


779
(
(0 0 0)
(0.0014 0 0)
(0.0014 0 0.0014)
(0 0 0.0014)
(0.0032 0 0)
(0.0022627417 0 0.0022627417)
(0 0 0.0032)
(0 0.0324 0)
(0.0014 0.0324 0)
(0.0014 0.0324 0.0014)
(0 0.0324 0.0014)
(0.0032 0.0324 0)
(0.0022627417 0.0324 0.0022627417)
(0 0.0324 0.0032)
(0.0007 0 0)
(0.0014 0 0.0007)
(0.0007 0 0.0014)
(0 0 0.0007)
(0.0023 0 0)
(0.0029564145 0 0.001224587)
(0.0018313708 0 0.0018313708)
(0.001224587 0 0.0029564145)
(0 0 0.0023)
(0.0007 0.0324 0)
(0.0014 0.0324 0.0007)
(0.0007 0.0324 0.0014)
(0 0.0324 0.0007)
(0 0.00081 0)
(0 0.00162 0)
(0 0.00243 0)
(0 0.00324 0)
(0 0.00405 0)
(0 0.00486 0)
(0 0.00567 0)
(0 0.00648 0)
(0 0.00729 0)
(0 0.0081 0)
(0 0.00891 0)
(0 0.00972 0)
(0 0.01053 0)
(0 0.01134 0)
(0 0.01215 0)
(0 0.01296 0)
(0 0.01377 0)
(0 0.01458 0)
(0 0.01539 0)
(0 0.0162 0)
(0 0.01701 0)
(0 0.01782 0)
(0 0.01863 0)
(0 0.01944 0)
(0 0.02025 0)
(0 0.02106 0)
(0 0.02187 0)
(0 0.02268 0)
(0 0.02349 0)
(0 0.0243 0)
(0 0.02511 0)
(0 0.02592 0)
(0 0.02673 0)
(0 0.02754 0)
(0 0.02835 0)
(0 0.02916 0)
(0 0.02997 0)
(0 0.03078 0)
(0 0.03159 0)
(0.0014 0.00081 0)
(0.0014 0.00162 0)
(0.0014 0.00243 0)
(0.0014 0.00324 0)
(0.0014 0.00405 0)
(0.0014 0.00486 0)
(0.0014 0.00567 0)
(0.0014 0.00648 0)
(0.0014 0.00729 0)
(0.0014 0.0081 0)
(0.0014 0.00891 0)
(0.0014 0.00972 0)
(0.0014 0.01053 0)
(0.0014 0.01134 0)
(0.0014 0.01215 0)
(0.0014 0.01296 0)
(0.0014 0.01377 0)
(0.0014 0.01458 0)
(0.0014 0.01539 0)
(0.0014 0.0162 0)
(0.0014 0.01701 0)
(0.0014 0.01782 0)
(0.0014 0.01863 0)
(0.0014 0.01944 0)
(0.0014 0.02025 0)
(0.0014 0.02106 0)
(0.0014 0.02187 0)
(0.0014 0.02268 0)
(0.0014 0.02349 0)
(0.0014 0.0243 0)
(0.0014 0.02511 0)
(0.0014 0.02592 0)
(0.0014 0.02673 0)
(0.0014 0.02754 0)
(0.0014 0.02835 0)
(0.0014 0.02916 0)
(0.0014 0.02997 0)
(0.0014 0.03078 0)
(0.0014 0.03159 0)
(0.0014 0.00081 0.0014)
(0.0014 0.00162 0.0014)
(0.0014 0.00243 0.0014)
(0.0014 0.00324 0.0014)
(0.0014 0.00405 0.0014)
(0.0014 0.00486 0.0014)
(0.0014 0.00567 0.0014)
(0.0014 0.00648 0.0014)
(0.0014 0.00729 0.0014)
(0.0014 0.0081 0.0014)
(0.0014 0.00891 0.0014)
(0.0014 0.00972 0.0014)
(0.0014 0.01053 0.0014)
(0.0014 0.01134 0.0014)
(0.0014 0.01215 0.0014)
(0.0014 0.01296 0.0014)
(0.0014 0.01377 0.0014)
(0.0014 0.01458 0.0014)
(0.0014 0.01539 0.0014)
(0.0014 0.0162 0.0014)
(0.0014 0.01701 0.0014)
(0.0014 0.01782 0.0014)
(0.0014 0.01863 0.0014)
(0.0014 0.01944 0.0014)
(0.0014 0.02025 0.0014)
(0.0014 0.02106 0.0014)
(0.0014 0.02187 0.0014)
(0.0014 0.02268 0.0014)
(0.0014 0.02349 0.0014)
(0.0014 0.0243 0.0014)
(0.0014 0.02511 0.0014)
(0.0014 0.02592 0.0014)
(0.0014 0.02673 0.0014)
(0.0014 0.02754 0.0014)
(0.0014 0.02835 0.0014)
(0.0014 0.02916 0.0014)
(0.0014 0.02997 0.0014)
(0.0014 0.03078 0.0014)
(0.0014 0.03159 0.0014)
(0 0.00081 0.0014)
(0 0.00162 0.0014)
(0 0.00243 0.0014)
(0 0.00324 0.0014)
(0 0.00405 0.0014)
(0 0.00486 0.0014)
(0 0.00567 0.0014)
(0 0.00648 0.0014)
(0 0.00729 0.0014)
(0 0.0081 0.0014)
(0 0.00891 0.0014)
(0 0.00972 0.0014)
(0 0.01053 0.0014)
(0 0.01134 0.0014)
(0 0.01215 0.0014)
(0 0.01296 0.0014)
(0 0.01377 0.0014)
(0 0.01458 0.0014)
(0 0.01539 0.0014)
(0 0.0162 0.0014)
(0 0.01701 0.0014)
(0 0.01782 0.0014)
(0 0.01863 0.0014)
(0 0.01944 0.0014)
(0 0.02025 0.0014)
(0 0.02106 0.0014)
(0 0.02187 0.0014)
(0 0.02268 0.0014)
(0 0.02349 0.0014)
(0 0.0243 0.0014)
(0 0.02511 0.0014)
(0 0.02592 0.0014)
(0 0.02673 0.0014)
(0 0.02754 0.0014)
(0 0.02835 0.0014)
(0 0.02916 0.0014)
(0 0.02997 0.0014)
(0 0.03078 0.0014)
(0 0.03159 0.0014)
(0.0023 0.0324 0)
(0.0029564145 0.0324 0.001224587)
(0.0018313708 0.0324 0.0018313708)
(0.0032 0.00081 0)
(0.0032 0.00162 0)
(0.0032 0.00243 0)
(0.0032 0.00324 0)
(0.0032 0.00405 0)
(0.0032 0.00486 0)
(0.0032 0.00567 0)
(0.0032 0.00648 0)
(0.0032 0.00729 0)
(0.0032 0.0081 0)
(0.0032 0.00891 0)
(0.0032 0.00972 0)
(0.0032 0.01053 0)
(0.0032 0.01134 0)
(0.0032 0.01215 0)
(0.0032 0.01296 0)
(0.0032 0.01377 0)
(0.0032 0.01458 0)
(0.0032 0.01539 0)
(0.0032 0.0162 0)
(0.0032 0.01701 0)
(0.0032 0.01782 0)
(0.0032 0.01863 0)
(0.0032 0.01944 0)
(0.0032 0.02025 0)
(0.0032 0.02106 0)
(0.0032 0.02187 0)
(0.0032 0.02268 0)
(0.0032 0.02349 0)
(0.0032 0.0243 0)
(0.0032 0.02511 0)
(0.0032 0.02592 0)
(0.0032 0.02673 0)
(0.0032 0.02754 0)
(0.0032 0.02835 0)
(0.0032 0.02916 0)
(0.0032 0.02997 0)
(0.0032 0.03078 0)
(0.0032 0.03159 0)
(0.0022627417 0.00081 0.0022627417)
(0.0022627417 0.00162 0.0022627417)
(0.0022627417 0.00243 0.0022627417)
(0.0022627417 0.00324 0.0022627417)
(0.0022627417 0.00405 0.0022627417)
(0.0022627417 0.00486 0.0022627417)
(0.0022627417 0.00567 0.0022627417)
(0.0022627417 0.00648 0.0022627417)
(0.0022627417 0.00729 0.0022627417)
(0.0022627417 0.0081 0.0022627417)
(0.0022627417 0.00891 0.0022627417)
(0.0022627417 0.00972 0.0022627417)
(0.0022627417 0.01053 0.0022627417)
(0.0022627417 0.01134 0.0022627417)
(0.0022627417 0.01215 0.0022627417)
(0.0022627417 0.01296 0.0022627417)
(0.0022627417 0.01377 0.0022627417)
(0.0022627417 0.01458 0.0022627417)
(0.0022627417 0.01539 0.0022627417)
(0.0022627417 0.0162 0.0022627417)
(0.0022627417 0.01701 0.0022627417)
(0.0022627417 0.01782 0.0022627417)
(0.0022627417 0.01863 0.0022627417)
(0.0022627417 0.01944 0.0022627417)
(0.0022627417 0.02025 0.0022627417)
(0.0022627417 0.02106 0.0022627417)
(0.0022627417 0.02187 0.0022627417)
(0.0022627417 0.02268 0.0022627417)
(0.0022627417 0.02349 0.0022627417)
(0.0022627417 0.0243 0.0022627417)
(0.0022627417 0.02511 0.0022627417)
(0.0022627417 0.02592 0.0022627417)
(0.0022627417 0.02673 0.0022627417)
(0.0022627417 0.02754 0.0022627417)
(0.0022627417 0.02835 0.0022627417)
(0.0022627417 0.02916 0.0022627417)
(0.0022627417 0.02997 0.0022627417)
(0.0022627417 0.03078 0.0022627417)
(0.0022627417 0.03159 0.0022627417)
(0.001224587 0.0324 0.0029564145)
(0 0.0324 0.0023)
(0 0.00081 0.0032)
(0 0.00162 0.0032)
(0 0.00243 0.0032)
(0 0.00324 0.0032)
(0 0.00405 0.0032)
(0 0.00486 0.0032)
(0 0.00567 0.0032)
(0 0.00648 0.0032)
(0 0.00729 0.0032)
(0 0.0081 0.0032)
(0 0.00891 0.0032)
(0 0.00972 0.0032)
(0 0.01053 0.0032)
(0 0.01134 0.0032)
(0 0.01215 0.0032)
(0 0.01296 0.0032)
(0 0.01377 0.0032)
(0 0.01458 0.0032)
(0 0.01539 0.0032)
(0 0.0162 0.0032)
(0 0.01701 0.0032)
(0 0.01782 0.0032)
(0 0.01863 0.0032)
(0 0.01944 0.0032)
(0 0.02025 0.0032)
(0 0.02106 0.0032)
(0 0.02187 0.0032)
(0 0.02268 0.0032)
(0 0.02349 0.0032)
(0 0.0243 0.0032)
(0 0.02511 0.0032)
(0 0.02592 0.0032)
(0 0.02673 0.0032)
(0 0.02754 0.0032)
(0 0.02835 0.0032)
(0 0.02916 0.0032)
(0 0.02997 0.0032)
(0 0.03078 0.0032)
(0 0.03159 0.0032)
(0.0007 0 0.0007)
(0.0021782073 0 0.00096229349)
(0.00096229349 0 0.0021782073)
(0.0007 0.00081 0)
(0.0007 0.00162 0)
(0.0007 0.00243 0)
(0.0007 0.00324 0)
(0.0007 0.00405 0)
(0.0007 0.00486 0)
(0.0007 0.00567 0)
(0.0007 0.00648 0)
(0.0007 0.00729 0)
(0.0007 0.0081 0)
(0.0007 0.00891 0)
(0.0007 0.00972 0)
(0.0007 0.01053 0)
(0.0007 0.01134 0)
(0.0007 0.01215 0)
(0.0007 0.01296 0)
(0.0007 0.01377 0)
(0.0007 0.01458 0)
(0.0007 0.01539 0)
(0.0007 0.0162 0)
(0.0007 0.01701 0)
(0.0007 0.01782 0)
(0.0007 0.01863 0)
(0.0007 0.01944 0)
(0.0007 0.02025 0)
(0.0007 0.02106 0)
(0.0007 0.02187 0)
(0.0007 0.02268 0)
(0.0007 0.02349 0)
(0.0007 0.0243 0)
(0.0007 0.02511 0)
(0.0007 0.02592 0)
(0.0007 0.02673 0)
(0.0007 0.02754 0)
(0.0007 0.02835 0)
(0.0007 0.02916 0)
(0.0007 0.02997 0)
(0.0007 0.03078 0)
(0.0007 0.03159 0)
(0.0014 0.00081 0.0007)
(0.0014 0.00162 0.0007)
(0.0014 0.00243 0.0007)
(0.0014 0.00324 0.0007)
(0.0014 0.00405 0.0007)
(0.0014 0.00486 0.0007)
(0.0014 0.00567 0.0007)
(0.0014 0.00648 0.0007)
(0.0014 0.00729 0.0007)
(0.0014 0.0081 0.0007)
(0.0014 0.00891 0.0007)
(0.0014 0.00972 0.0007)
(0.0014 0.01053 0.0007)
(0.0014 0.01134 0.0007)
(0.0014 0.01215 0.0007)
(0.0014 0.01296 0.0007)
(0.0014 0.01377 0.0007)
(0.0014 0.01458 0.0007)
(0.0014 0.01539 0.0007)
(0.0014 0.0162 0.0007)
(0.0014 0.01701 0.0007)
(0.0014 0.01782 0.0007)
(0.0014 0.01863 0.0007)
(0.0014 0.01944 0.0007)
(0.0014 0.02025 0.0007)
(0.0014 0.02106 0.0007)
(0.0014 0.02187 0.0007)
(0.0014 0.02268 0.0007)
(0.0014 0.02349 0.0007)
(0.0014 0.0243 0.0007)
(0.0014 0.02511 0.0007)
(0.0014 0.02592 0.0007)
(0.0014 0.02673 0.0007)
(0.0014 0.02754 0.0007)
(0.0014 0.02835 0.0007)
(0.0014 0.02916 0.0007)
(0.0014 0.02997 0.0007)
(0.0014 0.03078 0.0007)
(0.0014 0.03159 0.0007)
(0.0007 0.00081 0.0014)
(0.0007 0.00162 0.0014)
(0.0007 0.00243 0.0014)
(0.0007 0.00324 0.0014)
(0.0007 0.00405 0.0014)
(0.0007 0.00486 0.0014)
(0.0007 0.00567 0.0014)
(0.0007 0.00648 0.0014)
(0.0007 0.00729 0.0014)
(0.0007 0.0081 0.0014)
(0.0007 0.00891 0.0014)
(0.0007 0.00972 0.0014)
(0.0007 0.01053 0.0014)
(0.0007 0.01134 0.0014)
(0.0007 0.01215 0.0014)
(0.0007 0.01296 0.0014)
(0.0007 0.01377 0.0014)
(0.0007 0.01458 0.0014)
(0.0007 0.01539 0.0014)
(0.0007 0.0162 0.0014)
(0.0007 0.01701 0.0014)
(0.0007 0.01782 0.0014)
(0.0007 0.01863 0.0014)
(0.0007 0.01944 0.0014)
(0.0007 0.02025 0.0014)
(0.0007 0.02106 0.0014)
(0.0007 0.02187 0.0014)
(0.0007 0.02268 0.0014)
(0.0007 0.02349 0.0014)
(0.0007 0.0243 0.0014)
(0.0007 0.02511 0.0014)
(0.0007 0.02592 0.0014)
(0.0007 0.02673 0.0014)
(0.0007 0.02754 0.0014)
(0.0007 0.02835 0.0014)
(0.0007 0.02916 0.0014)
(0.0007 0.02997 0.0014)
(0.0007 0.03078 0.0014)
(0.0007 0.03159 0.0014)
(0 0.00081 0.0007)
(0 0.00162 0.0007)
(0 0.00243 0.0007)
(0 0.00324 0.0007)
(0 0.00405 0.0007)
(0 0.00486 0.0007)
(0 0.00567 0.0007)
(0 0.00648 0.0007)
(0 0.00729 0.0007)
(0 0.0081 0.0007)
(0 0.00891 0.0007)
(0 0.00972 0.0007)
(0 0.01053 0.0007)
(0 0.01134 0.0007)
(0 0.01215 0.0007)
(0 0.01296 0.0007)
(0 0.01377 0.0007)
(0 0.01458 0.0007)
(0 0.01539 0.0007)
(0 0.0162 0.0007)
(0 0.01701 0.0007)
(0 0.01782 0.0007)
(0 0.01863 0.0007)
(0 0.01944 0.0007)
(0 0.02025 0.0007)
(0 0.02106 0.0007)
(0 0.02187 0.0007)
(0 0.02268 0.0007)
(0 0.02349 0.0007)
(0 0.0243 0.0007)
(0 0.02511 0.0007)
(0 0.02592 0.0007)
(0 0.02673 0.0007)
(0 0.02754 0.0007)
(0 0.02835 0.0007)
(0 0.02916 0.0007)
(0 0.02997 0.0007)
(0 0.03078 0.0007)
(0 0.03159 0.0007)
(0.0007 0.0324 0.0007)
(0.0023 0.00081 0)
(0.0023 0.00162 0)
(0.0023 0.00243 0)
(0.0023 0.00324 0)
(0.0023 0.00405 0)
(0.0023 0.00486 0)
(0.0023 0.00567 0)
(0.0023 0.00648 0)
(0.0023 0.00729 0)
(0.0023 0.0081 0)
(0.0023 0.00891 0)
(0.0023 0.00972 0)
(0.0023 0.01053 0)
(0.0023 0.01134 0)
(0.0023 0.01215 0)
(0.0023 0.01296 0)
(0.0023 0.01377 0)
(0.0023 0.01458 0)
(0.0023 0.01539 0)
(0.0023 0.0162 0)
(0.0023 0.01701 0)
(0.0023 0.01782 0)
(0.0023 0.01863 0)
(0.0023 0.01944 0)
(0.0023 0.02025 0)
(0.0023 0.02106 0)
(0.0023 0.02187 0)
(0.0023 0.02268 0)
(0.0023 0.02349 0)
(0.0023 0.0243 0)
(0.0023 0.02511 0)
(0.0023 0.02592 0)
(0.0023 0.02673 0)
(0.0023 0.02754 0)
(0.0023 0.02835 0)
(0.0023 0.02916 0)
(0.0023 0.02997 0)
(0.0023 0.03078 0)
(0.0023 0.03159 0)
(0.0029564145 0.00081 0.001224587)
(0.0029564145 0.00162 0.001224587)
(0.0029564145 0.00243 0.001224587)
(0.0029564145 0.00324 0.001224587)
(0.0029564145 0.00405 0.001224587)
(0.0029564145 0.00486 0.001224587)
(0.0029564145 0.00567 0.001224587)
(0.0029564145 0.00648 0.001224587)
(0.0029564145 0.00729 0.001224587)
(0.0029564145 0.0081 0.001224587)
(0.0029564145 0.00891 0.001224587)
(0.0029564145 0.00972 0.001224587)
(0.0029564145 0.01053 0.001224587)
(0.0029564145 0.01134 0.001224587)
(0.0029564145 0.01215 0.001224587)
(0.0029564145 0.01296 0.001224587)
(0.0029564145 0.01377 0.001224587)
(0.0029564145 0.01458 0.001224587)
(0.0029564145 0.01539 0.001224587)
(0.0029564145 0.0162 0.001224587)
(0.0029564145 0.01701 0.001224587)
(0.0029564145 0.01782 0.001224587)
(0.0029564145 0.01863 0.001224587)
(0.0029564145 0.01944 0.001224587)
(0.0029564145 0.02025 0.001224587)
(0.0029564145 0.02106 0.001224587)
(0.0029564145 0.02187 0.001224587)
(0.0029564145 0.02268 0.001224587)
(0.0029564145 0.02349 0.001224587)
(0.0029564145 0.0243 0.001224587)
(0.0029564145 0.02511 0.001224587)
(0.0029564145 0.02592 0.001224587)
(0.0029564145 0.02673 0.001224587)
(0.0029564145 0.02754 0.001224587)
(0.0029564145 0.02835 0.001224587)
(0.0029564145 0.02916 0.001224587)
(0.0029564145 0.02997 0.001224587)
(0.0029564145 0.03078 0.001224587)
(0.0029564145 0.03159 0.001224587)
(0.0018313708 0.00081 0.0018313708)
(0.0018313708 0.00162 0.0018313708)
(0.0018313708 0.00243 0.0018313708)
(0.0018313708 0.00324 0.0018313708)
(0.0018313708 0.00405 0.0018313708)
(0.0018313708 0.00486 0.0018313708)
(0.0018313708 0.00567 0.0018313708)
(0.0018313708 0.00648 0.0018313708)
(0.0018313708 0.00729 0.0018313708)
(0.0018313708 0.0081 0.0018313708)
(0.0018313708 0.00891 0.0018313708)
(0.0018313708 0.00972 0.0018313708)
(0.0018313708 0.01053 0.0018313708)
(0.0018313708 0.01134 0.0018313708)
(0.0018313708 0.01215 0.0018313708)
(0.0018313708 0.01296 0.0018313708)
(0.0018313708 0.01377 0.0018313708)
(0.0018313708 0.01458 0.0018313708)
(0.0018313708 0.01539 0.0018313708)
(0.0018313708 0.0162 0.0018313708)
(0.0018313708 0.01701 0.0018313708)
(0.0018313708 0.01782 0.0018313708)
(0.0018313708 0.01863 0.0018313708)
(0.0018313708 0.01944 0.0018313708)
(0.0018313708 0.02025 0.0018313708)
(0.0018313708 0.02106 0.0018313708)
(0.0018313708 0.02187 0.0018313708)
(0.0018313708 0.02268 0.0018313708)
(0.0018313708 0.02349 0.0018313708)
(0.0018313708 0.0243 0.0018313708)
(0.0018313708 0.02511 0.0018313708)
(0.0018313708 0.02592 0.0018313708)
(0.0018313708 0.02673 0.0018313708)
(0.0018313708 0.02754 0.0018313708)
(0.0018313708 0.02835 0.0018313708)
(0.0018313708 0.02916 0.0018313708)
(0.0018313708 0.02997 0.0018313708)
(0.0018313708 0.03078 0.0018313708)
(0.0018313708 0.03159 0.0018313708)
(0.0021782073 0.0324 0.00096229349)
(0.001224587 0.00081 0.0029564145)
(0.001224587 0.00162 0.0029564145)
(0.001224587 0.00243 0.0029564145)
(0.001224587 0.00324 0.0029564145)
(0.001224587 0.00405 0.0029564145)
(0.001224587 0.00486 0.0029564145)
(0.001224587 0.00567 0.0029564145)
(0.001224587 0.00648 0.0029564145)
(0.001224587 0.00729 0.0029564145)
(0.001224587 0.0081 0.0029564145)
(0.001224587 0.00891 0.0029564145)
(0.001224587 0.00972 0.0029564145)
(0.001224587 0.01053 0.0029564145)
(0.001224587 0.01134 0.0029564145)
(0.001224587 0.01215 0.0029564145)
(0.001224587 0.01296 0.0029564145)
(0.001224587 0.01377 0.0029564145)
(0.001224587 0.01458 0.0029564145)
(0.001224587 0.01539 0.0029564145)
(0.001224587 0.0162 0.0029564145)
(0.001224587 0.01701 0.0029564145)
(0.001224587 0.01782 0.0029564145)
(0.001224587 0.01863 0.0029564145)
(0.001224587 0.01944 0.0029564145)
(0.001224587 0.02025 0.0029564145)
(0.001224587 0.02106 0.0029564145)
(0.001224587 0.02187 0.0029564145)
(0.001224587 0.02268 0.0029564145)
(0.001224587 0.02349 0.0029564145)
(0.001224587 0.0243 0.0029564145)
(0.001224587 0.02511 0.0029564145)
(0.001224587 0.02592 0.0029564145)
(0.001224587 0.02673 0.0029564145)
(0.001224587 0.02754 0.0029564145)
(0.001224587 0.02835 0.0029564145)
(0.001224587 0.02916 0.0029564145)
(0.001224587 0.02997 0.0029564145)
(0.001224587 0.03078 0.0029564145)
(0.001224587 0.03159 0.0029564145)
(0 0.00081 0.0023)
(0 0.00162 0.0023)
(0 0.00243 0.0023)
(0 0.00324 0.0023)
(0 0.00405 0.0023)
(0 0.00486 0.0023)
(0 0.00567 0.0023)
(0 0.00648 0.0023)
(0 0.00729 0.0023)
(0 0.0081 0.0023)
(0 0.00891 0.0023)
(0 0.00972 0.0023)
(0 0.01053 0.0023)
(0 0.01134 0.0023)
(0 0.01215 0.0023)
(0 0.01296 0.0023)
(0 0.01377 0.0023)
(0 0.01458 0.0023)
(0 0.01539 0.0023)
(0 0.0162 0.0023)
(0 0.01701 0.0023)
(0 0.01782 0.0023)
(0 0.01863 0.0023)
(0 0.01944 0.0023)
(0 0.02025 0.0023)
(0 0.02106 0.0023)
(0 0.02187 0.0023)
(0 0.02268 0.0023)
(0 0.02349 0.0023)
(0 0.0243 0.0023)
(0 0.02511 0.0023)
(0 0.02592 0.0023)
(0 0.02673 0.0023)
(0 0.02754 0.0023)
(0 0.02835 0.0023)
(0 0.02916 0.0023)
(0 0.02997 0.0023)
(0 0.03078 0.0023)
(0 0.03159 0.0023)
(0.00096229349 0.0324 0.0021782073)
(0.0007 0.00081 0.0007)
(0.0007 0.00162 0.0007)
(0.0007 0.00243 0.0007)
(0.0007 0.00324 0.0007)
(0.0007 0.00405 0.0007)
(0.0007 0.00486 0.0007)
(0.0007 0.00567 0.0007)
(0.0007 0.00648 0.0007)
(0.0007 0.00729 0.0007)
(0.0007 0.0081 0.0007)
(0.0007 0.00891 0.0007)
(0.0007 0.00972 0.0007)
(0.0007 0.01053 0.0007)
(0.0007 0.01134 0.0007)
(0.0007 0.01215 0.0007)
(0.0007 0.01296 0.0007)
(0.0007 0.01377 0.0007)
(0.0007 0.01458 0.0007)
(0.0007 0.01539 0.0007)
(0.0007 0.0162 0.0007)
(0.0007 0.01701 0.0007)
(0.0007 0.01782 0.0007)
(0.0007 0.01863 0.0007)
(0.0007 0.01944 0.0007)
(0.0007 0.02025 0.0007)
(0.0007 0.02106 0.0007)
(0.0007 0.02187 0.0007)
(0.0007 0.02268 0.0007)
(0.0007 0.02349 0.0007)
(0.0007 0.0243 0.0007)
(0.0007 0.02511 0.0007)
(0.0007 0.02592 0.0007)
(0.0007 0.02673 0.0007)
(0.0007 0.02754 0.0007)
(0.0007 0.02835 0.0007)
(0.0007 0.02916 0.0007)
(0.0007 0.02997 0.0007)
(0.0007 0.03078 0.0007)
(0.0007 0.03159 0.0007)
(0.0021782073 0.00081 0.00096229349)
(0.0021782073 0.00162 0.00096229349)
(0.0021782073 0.00243 0.00096229349)
(0.0021782073 0.00324 0.00096229349)
(0.0021782073 0.00405 0.00096229349)
(0.0021782073 0.00486 0.00096229349)
(0.0021782073 0.00567 0.00096229349)
(0.0021782073 0.00648 0.00096229349)
(0.0021782073 0.00729 0.00096229349)
(0.0021782073 0.0081 0.00096229349)
(0.0021782073 0.00891 0.00096229349)
(0.0021782073 0.00972 0.00096229349)
(0.0021782073 0.01053 0.00096229349)
(0.0021782073 0.01134 0.00096229349)
(0.0021782073 0.01215 0.00096229349)
(0.0021782073 0.01296 0.00096229349)
(0.0021782073 0.01377 0.00096229349)
(0.0021782073 0.01458 0.00096229349)
(0.0021782073 0.01539 0.00096229349)
(0.0021782073 0.0162 0.00096229349)
(0.0021782073 0.01701 0.00096229349)
(0.0021782073 0.01782 0.00096229349)
(0.0021782073 0.01863 0.00096229349)
(0.0021782073 0.01944 0.00096229349)
(0.0021782073 0.02025 0.00096229349)
(0.0021782073 0.02106 0.00096229349)
(0.0021782073 0.02187 0.00096229349)
(0.0021782073 0.02268 0.00096229349)
(0.0021782073 0.02349 0.00096229349)
(0.0021782073 0.0243 0.00096229349)
(0.0021782073 0.02511 0.00096229349)
(0.0021782073 0.02592 0.00096229349)
(0.0021782073 0.02673 0.00096229349)
(0.0021782073 0.02754 0.00096229349)
(0.0021782073 0.02835 0.00096229349)
(0.0021782073 0.02916 0.00096229349)
(0.0021782073 0.02997 0.00096229349)
(0.0021782073 0.03078 0.00096229349)
(0.0021782073 0.03159 0.00096229349)
(0.00096229349 0.00081 0.0021782073)
(0.00096229349 0.00162 0.0021782073)
(0.00096229349 0.00243 0.0021782073)
(0.00096229349 0.00324 0.0021782073)
(0.00096229349 0.00405 0.0021782073)
(0.00096229349 0.00486 0.0021782073)
(0.00096229349 0.00567 0.0021782073)
(0.00096229349 0.00648 0.0021782073)
(0.00096229349 0.00729 0.0021782073)
(0.00096229349 0.0081 0.0021782073)
(0.00096229349 0.00891 0.0021782073)
(0.00096229349 0.00972 0.0021782073)
(0.00096229349 0.01053 0.0021782073)
(0.00096229349 0.01134 0.0021782073)
(0.00096229349 0.01215 0.0021782073)
(0.00096229349 0.01296 0.0021782073)
(0.00096229349 0.01377 0.0021782073)
(0.00096229349 0.01458 0.0021782073)
(0.00096229349 0.01539 0.0021782073)
(0.00096229349 0.0162 0.0021782073)
(0.00096229349 0.01701 0.0021782073)
(0.00096229349 0.01782 0.0021782073)
(0.00096229349 0.01863 0.0021782073)
(0.00096229349 0.01944 0.0021782073)
(0.00096229349 0.02025 0.0021782073)
(0.00096229349 0.02106 0.0021782073)
(0.00096229349 0.02187 0.0021782073)
(0.00096229349 0.02268 0.0021782073)
(0.00096229349 0.02349 0.0021782073)
(0.00096229349 0.0243 0.0021782073)
(0.00096229349 0.02511 0.0021782073)
(0.00096229349 0.02592 0.0021782073)
(0.00096229349 0.02673 0.0021782073)
(0.00096229349 0.02754 0.0021782073)
(0.00096229349 0.02835 0.0021782073)
(0.00096229349 0.02916 0.0021782073)
(0.00096229349 0.02997 0.0021782073)
(0.00096229349 0.03078 0.0021782073)
(0.00096229349 0.03159 0.0021782073)
)


// ************************************************************************* //
